-3.449571512687596986e-01
4.884030447610241410e-01
1.580424136459658291e+00
-7.782131871180252292e-01
1.321710390659396994e+00
-1.892332471500685342e-01
-3.857236933656753575e-01
7.550212551377510906e-02
1.076860780781796700e+00
-8.761962886562703057e-01
1.238884752786736654e-01
6.659167472997420401e-01
1.155847409600893938e+00
-9.754792039437939488e-01
7.290075672401800100e-01
-3.588527149228448732e-01
-1.222065122621575517e+00
-3.829593037197083216e-01
-9.690826817792183023e-01
3.603717723456025812e-01
9.729007647653296065e-01
-9.833121058399599823e-01
1.351541209994139292e+00
9.470136419286290241e-01
1.047105021605245767e+00
4.702426397406915815e-01
1.844759274772319324e-01
6.545084534185621195e-01
2.334998210990129330e-01
-4.603200514094414331e-01
1.043623819397789587e+00
9.551306078690071644e-01
-8.188047621856711089e-01
-1.318734635521192855e+00
1.236433977992561495e+00
9.117705558943689503e-01
-2.693563448573571550e-01
-1.178921228136942556e+00
-1.435875228581574292e-01
-4.610056810920473147e-01
8.534021493930155078e-02
-8.947292802530205647e-01
-3.408398080001717734e-01
4.391451495793211590e-01
5.061980064574524985e-01
1.176575100693327824e-02
8.562528591034873626e-01
-4.719155748903730574e-01
4.152311698631711012e-01
6.994056244286219748e-01
-4.749254209078329625e-01
-5.488192618038870707e-01
-7.294294251896403514e-02
-5.164013505991423836e-01
5.132302671630104562e-01
-9.623964368948840775e-01
1.464318810834465134e+00
-2.877831825315232406e-01
7.260451854672607119e-01
-3.795875991981725317e-01
-3.458591169814775323e-01
-4.647373236496974425e-01
-1.054050498307980810e+00
-4.244352663845485374e-01
1.386683940466143072e+00
-1.116124365941232099e+00
-8.120692657324626862e-02
3.581128245904249274e-01
1.866626959970766608e-01
-9.311013124975122679e-01
-4.251636751550968985e-01
6.229451035716339069e-01
-3.980649304027710222e-01
6.269142917087211497e-01
6.166451548904670066e-01
-5.670154638156780225e-01
8.973871936651566239e-01
6.935903794995639249e-01
-4.569463110878353440e-01
4.772426526778561495e-01
3.983497767587819149e-01
1.402095133475666833e+00
5.126854296573922776e-01
5.718522757082897812e-01
-4.283730444715622143e-02
6.939791133807002854e-01
-1.087358901168558711e+00
1.297812644278038663e+00
-9.437496338508125082e-02
4.615294507535218083e-01
-3.935642315291917326e-01
7.006640736515877821e-01
4.040907102513591198e-01
-3.912904730674977571e-01
-7.782002807212597961e-01
-3.995511249806721343e-01
-3.204770623078851965e-01
-4.996419223261033826e-01
-6.232869387351148704e-01
7.679083176460059779e-01
7.111486113251054286e-01
1.205776719347967374e-01
-5.493531007416773138e-01
1.597070870031148671e+00
-1.466385846416059791e-01
-1.196688071245632257e+00
-2.218843854568150198e-01
-9.454323804200929215e-01
-1.122235790930544930e+00
1.199627274759652362e+00
1.105564820097326484e+00
9.536495020458138905e-01
2.513265111028677445e-01
8.031064007343431399e-01
-4.010904467287065289e-01
3.293126126167658096e-01
-4.408565246893516587e-01
1.382174245848304839e+00
-1.829063458706140788e-01
2.034978046193384460e-01
-1.214772065938477530e+00
-6.562253351792342038e-01
7.188716685016196539e-01
-1.165654145711157108e+00
-4.206768103669754622e-01
-2.573134858522571067e-01
5.891848870999845111e-01
-2.090072848806090178e-01
5.992742209544539289e-01
-4.959570086452895765e-01
-8.079481940798357575e-01
2.294518902675294486e-02
-6.316854482343063903e-01
1.342145870160919685e+00
4.938349017205967417e-01
-7.126279465941016689e-01
9.686444908419715449e-02
8.780693994168300431e-01
3.376477941722020315e-01
1.492521874992424058e+00
2.624655085988367720e-01
-6.885108318570379304e-03
-1.673435114672545132e-01
1.342218892510276040e+00
9.440033842372985706e-01
1.105056952776724000e+00
4.701789513058614034e-01
5.929359109144023421e-01
-2.335441256787501862e-01
1.498103273320566808e+00
1.109776985974765706e+00
-1.147673658341252789e+00
-8.877191224980668371e-01
6.850910387712756400e-01
1.511051978774932802e+00
-7.341447800073633290e-02
-4.208463199151777356e-01
4.962938902897746640e-01
-5.425033473026660280e-01
2.340522017789314346e-01
-3.953442991092520620e-01
-3.843637009440741270e-01
-1.295457176656847675e+00
2.357597673231948826e-02
-1.126535765004082368e+00
-3.368788370315981551e-01
-2.146102018919245069e-01
-3.624557993207646600e-01
-3.223123654129035343e-01
-9.471328585657310395e-01
1.269498398188970478e+00
-7.093577336933759581e-01
-1.159666506811534825e+00
5.205781227386347965e-01
-5.255465779189093523e-01
-2.274270939598043717e-01
1.351009817393265200e+00
2.681381796531771139e-02
-5.453638024069001888e-01
5.873781914323124020e-01
5.065457054601057996e-02
-8.104312935981815569e-01
-6.866610497163182225e-02
2.720646352087949249e-03
-1.122329406489589898e+00
1.078574643853048354e+00
-1.191777249442984576e+00
1.634820697135719980e+00
-2.897522849954384805e-01
1.488031568746811084e+00
-1.135312335230645786e+00
-5.883906041831442613e-01
4.888509021426447054e-01
-9.387827162379877022e-01
5.378027267330374173e-01
7.828122863225650541e-01
-3.436111087925532992e-01
-6.702011329611221591e-01
-1.134761044812004904e+00
-8.306198597217255841e-01
1.450674020349161042e+00
-1.207137967154527258e+00
-1.174292667679195379e+00
7.520337741186597924e-01
1.209871457535239836e+00
-1.204007864660100013e+00
6.933940565828757840e-01
-6.025385928531082902e-01
5.787717507114154003e-01
-1.204234867940299908e-01
1.655348998189560827e+00
-1.349092865286998788e-01
1.185834231577432396e+00
-8.123974850468709263e-01
2.055286217273984140e-01
3.730157274641684451e-01
-9.360521884451614705e-01
4.025223036884947314e-01
-5.658301757331176685e-01
-4.540461059553310141e-01
-5.032414238375112481e-01
-8.448129660658555418e-01
-1.034352422846696262e+00
3.831817769095496873e-01
8.940053254828952412e-01
4.741748174893903878e-01
1.031303595455938193e+00
2.815611248432848823e-01
8.908173751196732937e-01
8.593064501875130601e-02
5.952943723617809546e-01
5.242716985759724446e-01
3.607459075995617104e-01
1.479963875969923182e+00
2.194347810129979870e-01
4.751803454811738270e-01
6.280197306336730012e-01
4.691920348986239331e-01
4.520291486597036723e-01
-5.212210542375320110e-02
8.382545135647290202e-01
-2.482624470657729676e-01
6.178069103065703116e-01
-6.075916176233495669e-01
-1.715599975826571921e-01
4.156981267008690306e-01
1.049631931532898355e+00
-6.838263514861774306e-01
1.325944884406021762e+00
-8.551077672109572703e-01
-1.252653488130336390e+00
-7.189509632730446409e-01
-2.436806475393160087e-01
-4.427479752437297744e-01
-5.184234998184296117e-01
6.822335675047324077e-01
-5.017991578506048045e-01
4.489706368857087071e-01
4.056188404871602371e-01
-8.019800774790913911e-01
-4.796648096021184360e-01
5.495870820215353891e-01
-1.203786794163051566e+00
-8.991826414323374206e-02
-1.348255755665151767e+00
-7.188231095218664546e-01
5.874756032876768952e-01
-5.819509285799133735e-01
-2.457954154211945685e-01
5.001257142533799271e-01
-1.234729924526547729e+00
-7.521160551673137240e-01
-7.816453283173671052e-01
-1.261675203706888571e+00
-2.471834906531846510e-01
2.509070225855912772e-01
4.237752198663343739e-01
-3.890893194380772302e-01
5.405294976159980003e-01
3.735154819419478356e-01
-9.484957529114081964e-01
-3.922530046277161730e-01
1.106871139757170885e+00
-9.776298096553462380e-02
-1.003232188728633845e-02
1.386379281943119768e+00
-5.437884383981330672e-01
7.446748418939537206e-01
2.307772419008906617e-01
-1.085365224061886291e+00
1.288057927072140396e+00
-4.589113487433089666e-01
3.963492313193834882e-01
-1.008201260369854246e+00
-4.628922712243632720e-01
-2.772749250688399947e-01
-2.846995594339261915e-02
7.545500627030610197e-01
-6.378768085936504795e-01
1.133648095759215435e+00
-2.740984311652727712e-01
-1.028479302227689907e+00
-4.102707309414601600e-01
-2.731590462620352433e-01
4.578072135660549158e-01
1.369962424448878613e+00
1.653116826230930148e+00
1.354654859315176818e+00
1.273845888266343263e+00
-2.643756358333633205e-01
-7.850014748969108558e-01
1.063309396939505769e+00
3.770591138996606251e-01
5.636424177136815095e-01
6.938258655283968679e-01
5.514110334410753378e-01
5.902370470917562839e-01
8.081264483722556680e-01
-1.000405562361972978e+00
5.863251224149731433e-01
1.006609287310728407e+00
2.513719606455544486e-01
1.206775247333229828e+00
6.646012592429733079e-01
1.106410822018711188e-01
3.620921537718660987e-01
1.105459692350105216e+00
-7.931467618824883381e-02
-2.000063626284932228e-01
4.050489957257791263e-01
3.692940075746015127e-01
-4.688119012172604627e-01
4.885649390446016316e-01
-6.402428545177707431e-01
5.330445159175187797e-01
-3.933204015600194614e-01
7.939653994406343784e-01
9.067377421708734397e-01
2.474818971536469070e-01
1.142786224116194793e+00
-3.328147064489791473e-01
6.212221790823977408e-01
4.140499349137367613e-01
6.573115895891892269e-01
1.000650893084676474e+00
-6.729106115618896378e-02
-7.685063080249425471e-02
8.918723990209657115e-01
-8.747779864776554781e-01
1.081078829638707051e+00
8.733365777552823950e-01
-4.280295180307805980e-01
-3.357438315487636382e-01
-9.809260540929870542e-02
5.386160570136386827e-01
-1.360527670887271778e+00
-7.183858420517588161e-01
9.869102891943282163e-01
3.185771946818297673e-01
1.360984078126302954e+00
4.372805263166418266e-01
-9.123818634435496566e-01
1.196304443650714866e+00
2.595737895301566400e-01
6.427020799095765069e-01
-8.124933247045028617e-01
6.673689808418264979e-01
1.464626621443085419e+00
2.161964465223752130e-01
-1.045445955754448208e+00
-3.938362581004406504e-02
-4.713958056706398780e-01
6.441743286324425055e-02
9.490078729281363756e-01
4.897755356959103690e-01
4.632649319366997087e-01
-4.412176030468815124e-01
-7.162249856470486176e-01
5.427335507078389076e-01
-3.144004628297281112e-01
1.360055965845872405e+00
-1.147935333921614287e+00
9.609493758427680721e-01
5.305701694519551204e-01
1.384905592867819779e+00
-4.633756959575685563e-01
7.585562889109129792e-01
6.744895704434310524e-01
5.352904919203892442e-01
4.941975870230052026e-01
1.094014524029306212e+00
-2.470577381231726932e-01
2.608304560902889591e-02
5.783141765363355447e-01
7.807337725300191877e-01
2.546681696865591427e-01
-2.798647077467348865e-01
-3.143867411489217334e-01
-1.014962885317785224e+00
1.646796904736021805e+00
3.579422514956429602e-01
5.735633385931989681e-01
1.132159604050091417e+00
-1.975306688575436398e-01
5.563549952073315596e-01
5.667248103688671268e-01
1.509750775051816873e+00
1.515148045662007670e+00
8.714983945163770063e-01
5.518087429587026360e-01
1.127581188023903502e+00
5.505098505795585906e-01
-1.066834640188855765e+00
4.403039713949021827e-01
-8.440970982104498699e-01
4.469949431859558953e-01
-6.397868087120608394e-01
-1.139526896624946550e+00
1.320749853637077198e+00
-3.394425614849579942e-01
8.551362486374005645e-01
7.537078213765845414e-01
1.124253034213169578e+00
-2.921940952984533046e-01
5.591423370837947937e-01
9.942645562255403302e-01
-2.444740623744715291e-01
-1.236760760554328265e+00
-7.000257487582408622e-01
1.506469516755886973e-01
1.641357171246341229e-01
-6.619316611630805813e-02
-3.996825721150629729e-01
-2.408521178305094990e-01
-1.037079157066623569e+00
-8.726724115078468014e-01
6.268108135880409160e-01
9.405323525354026826e-01
-1.225372954582063523e+00
1.053356599593826326e+00
-1.027544072911678041e+00
-4.341169685140043588e-02
5.111957799623044751e-01
-1.941304504326287483e-01
-2.709388804078292079e-01
6.600216901511726242e-01
1.226546130428353587e+00
-3.095370695272351425e-01
-1.140772537852950741e+00
-4.178279832370803692e-01
1.313478642661636275e+00
-8.843471718495112821e-01
3.536130757380175904e-01
1.106367399135093077e-01
1.512856223007195966e-01
-1.352593194507182295e+00
4.356344588458729294e-01
1.090978025808574836e+00
6.692713082841201810e-01
6.568670200766122402e-01
-2.914955252233670802e-01
9.324233526391496607e-01
1.250567751831462571e-01
8.386836521638838526e-01
-3.262478709131696464e-01
3.740032931406434002e-01
1.460080410671817791e-02
-1.741236865111773502e-01
8.197528561987208473e-01
5.061886275628125764e-01
-3.391272694690944389e-01
-5.117061625258284563e-01
2.939509207953339143e-01
1.013194953991521485e+00
-2.627000065631595049e-01
-1.103580764177432894e+00
6.398114179105772736e-01
1.292276724671984622e+00
6.223423097636383572e-01
-6.308915250095643579e-01
4.937805345277516134e-01
5.591390588450730892e-01
-1.087111509742954008e+00
6.497141130675552212e-01
5.303822380295161731e-02
6.728145141253044637e-01
-9.289249096849722109e-01
7.411627921664418750e-01
1.308892923189612256e+00
3.114342369389899723e-01
-1.068316722405209029e+00
-3.260682189695123245e-01
-7.627005906986714101e-03
-9.500980668722085465e-01
5.126135060993934900e-01
1.479858281792503449e+00
2.287515594698023291e-01
7.734999688534582862e-02
2.638026425493232852e-01
-1.209575802433351110e-01
1.072724708328201215e+00
-6.647277538142656317e-01
7.037522319629098133e-01
1.291012474292762446e+00
7.806002756919859509e-02
5.296867076120255202e-01
1.472528498784748008e+00
8.307036662821238870e-01
-2.755732280741293172e-01
-1.047402031594870664e+00
-1.145242114869911232e+00
-7.634851300442798694e-01
-4.135162805775961514e-01
6.564996044087570981e-01
-5.679901074477747835e-01
1.162357029904548700e+00
6.999633895065209277e-01
1.177243954759049638e+00
6.042602774135934496e-01
-5.480546397377656920e-01
4.319919836849889228e-01
-1.321861413259911577e-01
2.642560672022654933e-02
9.809813235151089161e-01
3.274290526176421023e-02
1.334143156204108172e+00
3.033316423275747020e-01
6.283341820382182252e-01
8.448813304036482119e-01
4.379151527969925572e-01
3.064939337269300124e-01
4.212090903326908276e-01
-4.410799760250383450e-01
-9.833535598174388825e-01
1.194136266700570825e+00
1.390964148305413817e+00
1.411710833794604270e+00
-7.014271519956007950e-01
6.812036566630780277e-01
1.276238098937688248e+00
9.710843356951707195e-01
7.558402346532058225e-01
-1.371297285927590426e-01
1.127829726020441070e+00
6.717260171295456050e-01
1.479646222396569177e+00
6.404346824719810982e-01
8.857945398124225100e-01
5.681120140880187019e-01
-1.855276094911896823e-01
-1.324172031938099625e+00
-1.172831961614497487e-01
7.734608395953078697e-01
-1.876071290732853891e-01
-1.453374091526071332e+00
5.413268167180818047e-01
8.833581702209127862e-01
1.331716218613606895e+00
1.303387544623815009e+00
-8.858248294533876965e-01
7.266772737796223236e-01
-6.739642023376091196e-01
3.423472982730658698e-01
1.100028785396760744e+00
-8.164176521947485998e-01
-2.625066114549832741e-01
1.275160825758819172e+00
8.367547725184703022e-01
-3.489127183121509823e-01
-4.774003579314276546e-01
1.079921256837482302e+00
-7.606581781799311992e-01
1.157756811394992313e+00
9.990900765720177323e-02
-7.823959938593153529e-01
-4.651858666599645309e-01
-6.265293375965359512e-01
5.422642562173740632e-01
4.935926162473839307e-01
-9.764185832598614168e-01
-5.083273274810345965e-01
2.761287823388307583e-01
4.932413303368807789e-01
1.156789987676844822e+00
-1.165702701903768235e+00
6.996197404429354005e-01
9.755188574091376852e-01
-9.181837592852669372e-02
-2.430577511360366150e-01
5.770713722972318216e-01
1.288127034425981809e-01
-5.420413613229230210e-01
-1.411734804229991258e-01
1.394401494844065503e+00
-3.358367624423336251e-02
6.698717075226041928e-02
-1.222520059681590610e+00
-3.475297999396916859e-01
-8.751135373024759856e-01
-6.182268928179754930e-01
9.590923529840664763e-01
-2.619802152907623749e-01
-9.411249132658084937e-01
-1.857811940641350412e-01
1.491173063140746491e+00
1.065787808350079358e+00
-3.551184898566331904e-01
-1.066398929253301819e+00
-9.807252762662850287e-01
-9.851719370571856982e-02
-1.121379534182274540e+00
1.212503606885956708e+00
5.864503136906098479e-01
-1.080593556604067640e+00
2.537917271101806094e-01
-1.179651953765609829e+00
-1.291843138628851362e+00
4.360491600599488704e-01
-8.084953627291101563e-01
-1.069989450676348319e+00
-4.840628887099683864e-01
6.622503711552149008e-01
-1.254069696611574081e+00
-3.644832978010247027e-02
1.098711496453530279e+00
-2.818545234722830140e-01
-1.009952355910403332e+00
-3.537741919431236504e-01
2.658507207762211833e-01
8.574662746873837893e-01
1.162411999459168621e+00
-2.272893106465210533e-01
1.128857924128765511e+00
8.916063991776239650e-01
-4.298565458516074855e-01
-6.080091464415875446e-01
2.322731079181621638e-01
1.853980086812693773e-01
2.654159462771171762e-01
-8.464145401788537859e-02
-5.481689033645115172e-01
1.253205257673362549e+00
-6.981777739426665574e-01
-7.374097486836203030e-01
9.219292968239152231e-01
7.712301828056009612e-01
-7.738932892829273325e-01
8.060789985552077042e-01
1.296765659958320827e+00
7.979321455650658645e-01
6.032287600594583576e-01
-4.103618068333579894e-01
8.172729080912024546e-01
-1.155757589336075197e+00
-1.511099275025345745e-01
-7.802198498132644211e-01
-1.173674020282103436e+00
6.671099970287300840e-01
1.498006247197557705e+00
9.318335785394571413e-01
-3.368556555471897695e-01
-1.395857188415242645e+00
1.441367501081156077e-02
1.258954717804036672e-01
-1.217412043516144626e+00
5.769041431806011255e-01
-4.946942860023633148e-01
9.180855494580870690e-01
4.407021047748239662e-01
-1.356781712886192759e+00
5.027751587759442531e-01
1.697425021610529106e-01
3.038368935118278269e-02
-1.211442991412866876e-01
1.259332635762416830e+00
1.071066743410987954e+00
7.641389326073557697e-01
6.759938882498897073e-01
1.366226832112461542e+00
1.118284124593661444e+00
1.255686707513587130e+00
4.034351274439067492e-01
-4.335856506079691086e-02
-4.970257321904614223e-01
2.244413026047402671e-01
-1.382088363092249805e+00
-1.044194032364272218e+00
1.099162941983754305e+00
-5.086807076855084930e-02
2.217102312407467080e-01
6.445815656327165133e-01
6.750652405002134371e-01
7.525199861014157943e-01
7.374959392769439015e-01
-5.759531794976204822e-01
-5.219801208227986544e-01
3.956504759500416579e-01
-5.805305275399288423e-01
-4.988690436556761920e-01
-1.754510915008609395e-01
-1.208491817036263294e+00
1.095443202200462762e+00
1.204127563536085965e-01
-9.822233609523536302e-01
-4.789884995612225804e-01
-1.208638743888034828e+00
7.680186694294753869e-01
4.468950799608089053e-01
-4.293666037937466928e-01
-9.097015042997764755e-01
-1.017398216946676870e+00
-4.079897926006984532e-01
-3.997840798446481436e-01
5.905563595341984939e-01
-5.143249728881447991e-02
-8.670476352415553700e-01
1.574627181999359360e+00
-5.873868748042355703e-01
-7.747321057063747407e-01
-4.373113400094732484e-01
7.101129712669931315e-01
5.620134297825380987e-01
1.126646673982603375e-01
3.306137009687153405e-01
7.949032805619473674e-01
3.603058124179892019e-01
4.764715600700308862e-01
5.656302762921477933e-01
-6.874440163983251972e-01
-9.551048725303146192e-01
8.631727946994804945e-01
3.717855420325522076e-01
1.466237602349645508e+00
-4.376216552894445222e-01
-4.732049461467721096e-01
-4.216563822935365247e-03
-7.464668771327759300e-01
-9.654099091000703514e-02
-7.041736602574105719e-01
-7.291497239392142893e-01
4.878063416698134036e-01
-9.878999002774101479e-01
-4.069572563062578974e-01
3.366701160323307684e-01
-3.843188883600006100e-01
3.167987466844172095e-01
-6.739827095094643727e-01
9.017569154048673541e-01
2.087073874929576967e-01
1.580911573697233230e+00
-9.538468192842529669e-01
1.382415635412491017e+00
-5.711333961768114698e-01
4.867233762746767667e-01
-2.558293348256864275e-01
-2.807792682728089684e-01
2.282125521099242771e-01
-8.914331339354583106e-01
8.826468082485170452e-01
1.050820211741445853e-01
-7.404926848977357867e-01
8.639434742151523849e-01
9.140117594606904650e-01
-1.885715254659133533e-01
-8.678694963792473738e-01
5.792841812129743140e-01
1.516340501898825188e+00
1.996087015936280629e-01
-6.052395934596542793e-01
-2.721036582361070488e-01
9.310676452831072591e-01
-1.933575627712397216e-01
1.345623687677774294e+00
1.229150884216177353e+00
2.613000001612204581e-01
1.208013673198336635e+00
-1.324647845548580394e+00
7.207394299140487126e-01
1.344076920381304552e+00
5.907179650464614573e-01
-9.538956331339896177e-01
-7.328494879417694063e-01
-6.822760127184326340e-01
1.260325480944849197e+00
3.862451598032968780e-01
-1.008050095868510576e+00
1.215232933093024048e+00
3.524511176148396041e-01
-4.112390544440794882e-01
-2.994307050263756986e-01
-8.322698164145349020e-01
2.286129452125255923e-01
6.571541094893673662e-01
-6.751633123975830930e-01
3.997831134198835956e-01
5.372703706134277502e-01
9.734334302539325856e-01
-1.266310956673692978e+00
5.768170098140191770e-01
6.532343141374900020e-01
-6.808247409730207034e-01
-4.310328333993170835e-01
3.037959375260748662e-02
-9.995678901265129257e-01
-5.781032167703170632e-01
1.330092983237801452e+00
-1.674075898031258391e-01
-3.377707351454165563e-01
1.020269205100909682e+00
-8.356428042508492471e-01
3.908737248508665774e-01
1.184649054904313159e+00
-2.921365892344846005e-01
-4.349812768521146289e-01
1.562589043452766502e+00
-3.928190197434914266e-01
3.704652119401141697e-01
6.876152150994999657e-01
1.687503475797327013e-01
-9.305757030213787084e-01
-8.002792738367859871e-01
-8.213119868473306440e-02
8.425743469942729158e-01
1.012105633724591724e+00
7.053821853943008646e-01
8.487193762372013950e-01
-1.183353830304398002e+00
2.665177154670150816e-01
7.246665986444569274e-01
1.058499187008567155e+00
-1.303847512918779872e+00
-2.263619737876648441e-01
2.462613084167447342e-01
1.449371131640330157e+00
1.506758532312766130e+00
-1.039450370482355890e+00
1.053704402763184333e+00
-1.151382302998355867e+00
3.450416623850049991e-01
8.087607760542873114e-01
-1.014454166161158494e-01
1.426007517504613853e+00
1.306611441960717768e+00
5.011401620343770569e-01
-3.003152568947958789e-02
-1.361230038776662710e+00
5.628723835840170331e-01
1.745260812697557451e-01
-1.373166598171766117e-01
1.118859828112894972e+00
-2.879745982045244235e-01
-4.004237940630064330e-01
8.959463005712710038e-01
2.279054192296773584e-01
1.118969717347456649e+00
1.373303822244616113e+00
1.190241914013202340e+00
-9.537267989128883627e-01
-1.014523600556607591e-01
-6.747355249886857753e-02
2.291755541451765132e-01
5.910452766173371897e-01
-3.554719075607741807e-01
-7.983847066019827965e-01
5.906139738430161712e-01
9.042819560014094815e-01
1.310445887718314717e+00
1.607812555443057345e+00
-4.693220934483767204e-01
-2.834225080475102354e-01
-8.459724337329163069e-01
-4.053158523859751172e-01
1.575303874932652837e-01
1.012802670353730727e+00
-2.613113804234732385e-01
-4.614801036767706144e-01
8.670766112170363860e-01
5.089494864579570121e-01
1.363608977101524067e+00
3.395506892018946843e-01
1.409970122091168454e+00
7.198948302265277821e-01
1.425962484363108906e+00
-1.045428670867694310e+00
6.270175093414486200e-01
3.467704662351042133e-01
-5.870472013464651528e-01
-1.122928817163539206e+00
8.740638030480424314e-01
1.414457420375246910e+00
2.609787548573014870e-01
-4.023076472230189271e-01
-2.703941817075367071e-03
-8.824356403148013728e-01
6.504919458140017152e-01
-3.137696196237350632e-01
-1.039551140154990616e+00
3.577437451057771112e-01
-9.506273462989386358e-01
1.256957636889328045e+00
1.446278787017364786e+00
7.560688096454133422e-01
-1.025876659707650074e+00
1.507287470735766188e+00
3.196873659886660946e-01
-1.033149960318550331e+00
-7.295430226337258628e-02
-6.909617799125170601e-01
1.072199351551844648e+00
-7.550762653154921011e-01
-7.862461085004838202e-01
1.342441153302300405e+00
3.818668654876233859e-01
-8.757615492631333209e-01
7.395954200855912042e-01
7.849801512796177327e-01
-5.806337330420472398e-01
-8.759625071990713163e-01
-5.834299063342559544e-01
6.835852015491338252e-01
1.112166218893892333e+00
-4.314614435679357818e-02
1.405316399711649344e+00
3.453170041256590217e-01
3.989989140792662425e-01
7.232455688953802753e-01
-1.185846467980478769e+00
-9.642496264048968646e-01
5.343154787956451157e-01
1.242820072776913864e+00
8.456817925201687292e-01
6.691182931643314680e-01
-2.226216120422681299e-01
-5.713868572864060358e-01
-3.450217397360085814e-01
1.444276387508325987e+00
-1.893438840818740809e-01
-2.640948090101190582e-01
1.748629658222727590e-01
-2.835856298315786450e-01
-8.169245453521305489e-01
-8.409885533894222442e-01
-1.276242348652155689e+00
-5.922054657508825093e-01
-4.943585386625249933e-01
-5.002210807572483597e-01
-1.021353800039906057e+00
8.527772344940682814e-01
-8.982511066288636492e-01
-9.479238058603033368e-01
-5.099194716825720120e-01
-3.374800669150435084e-01
-5.182896659182042454e-01
-2.875047021786828472e-01
-1.502776356294711901e-02
-1.017129172505240264e+00
1.338480104372955726e+00
1.091222103234651408e+00
-8.241962178922705995e-01
7.002730614118404251e-01
1.205337726236128892e+00
4.547504419387685681e-01
-1.189612472431440082e+00
-2.132325648478071711e-01
1.478179954523205497e+00
-2.560247995483274086e-01
5.464495961431270477e-01
-5.673901552912810065e-01
7.288970520838093936e-01
4.953703084147497160e-01
7.556172479383569396e-01
1.028753760510882520e+00
-8.014322882079585320e-01
-1.337974744637570323e-01
-9.182219722218354363e-01
6.065658005260371466e-01
6.707600595944077648e-01
-8.548745836444680002e-01
-1.020301318647287125e+00
5.779718319125751735e-01
3.646674891793929563e-01
6.476331814897189343e-01
1.541266862244715374e-01
1.454778314258317939e+00
-1.108438267494950225e+00
7.029112315807035660e-01
5.659891131573517864e-01
1.375282657226522209e+00
-9.865357852090912427e-01
1.275886752707955929e-01
-1.652083238019182720e-01
-8.477980599683933027e-01
5.358581318055517517e-01
-5.168905437603728004e-01
-2.289440619417522638e-01
5.823519714492649824e-01
-5.807134458286623557e-01
-1.118415107263473762e-01
4.591341332904202988e-04
-9.550068249671240794e-01
-1.292314701935810772e+00
9.735442333741383125e-01
-1.176521575180917045e+00
-7.512429333281724908e-01
-1.008666005148561862e+00
5.136696364443490426e-01
8.085581382753149748e-01
-2.828818407634993148e-01
-1.292103391015805736e+00
5.067154888833905746e-01
-1.109781574924194603e+00
-4.737062206861990532e-01
7.251244766923307106e-01
4.916317116264545817e-01
1.502767079134834871e+00
-6.433746637023618486e-01
-3.810397723684343374e-01
-3.652741260297308612e-01
5.923143631262071107e-01
-5.518319546202453685e-01
1.352664336615741814e+00
-2.701268778528271852e-01
-1.005858345488124472e+00
4.058595798432065305e-01
3.412892978858944604e-01
1.290889782254575513e+00
1.113524667276829083e+00
6.195758124988296478e-01
-1.054262264313829522e+00
4.834153472093589698e-01
2.653823752488385646e-01
2.242998297942098984e-02
7.552619001565900880e-02
-1.022946988406077118e+00
-9.766976298097808096e-01
-9.059335390455151016e-01
-1.179260719829706483e+00
3.245114237052285633e-01
1.464136498535254516e+00
1.275096225956251272e+00
3.219224786150635120e-01
-2.715903961084267237e-01
-7.951086353568808107e-01
-2.393910765833937859e-01
-1.879620509723614052e-01
-1.109998854259702794e+00
-1.056754379018945089e+00
1.327058092705370118e+00
-6.291459050756610383e-01
-5.747631293473227654e-01
-3.059572115879695131e-01
-8.733935857254994106e-01
-2.576424969033910273e-01
1.445128173998698085e+00
-1.240198055155321555e+00
-6.146761772113429334e-03
-1.162659318579216228e+00
-2.430367914889120240e-01
5.843799728667965487e-01
-1.102426114318479033e+00
-1.282833418224133215e+00
7.319515247211176856e-01
5.006599784464300651e-01
1.992597592256597355e-02
9.881364255272295782e-01
-9.578050633082424437e-01
1.415332066099829866e+00
8.962072335935336032e-01
6.499037037486588009e-01
-1.360356202424407357e+00
-3.614380609400588140e-01
-2.161992473563856265e-04
-5.880243751509577343e-01
1.409634975124555822e+00
-9.705489141465747371e-01
-9.959685288906442446e-01
1.145022280455915420e-01
-1.248704076392429974e+00
2.372766512109790449e-01
-7.987350861286892645e-01
8.283915028171989769e-01
-4.039056875372808442e-01
-6.741869676182958848e-01
9.472160676749761254e-01
-4.588158889285516295e-01
9.100256249976764744e-01
-1.034157406188662920e+00
1.467083729625982880e+00
-1.081006588085311332e-01
2.019590518919282540e-01
3.185369815089968970e-01
5.227748118810466860e-01
4.053923900960363369e-01
-1.246227415030882746e+00
-7.966838127910255141e-01
-4.451274903238258140e-01
1.423094268529454309e+00
1.061075036925484438e+00
-3.413315337278130523e-02
-1.164444249860929093e+00
4.071904656925605659e-01
1.151363965060286265e+00
4.668405291668559220e-01
1.240560215265783806e-01
-6.681689933102044066e-01
6.317201450411237262e-01
2.510804825516286254e-01
1.242408359684649799e+00
4.341630294413324487e-01
-1.674944590304355829e-01
-3.912837442599194082e-01
-7.560724150312165825e-01
-7.558203801770362329e-01
6.201152032551758841e-01
1.140136155301221921e+00
6.812848485545793809e-01
-8.379088842504425205e-01
-1.939294583323726839e-01
-1.046089704868766290e+00
-2.393785084084818215e-01
-2.892485613824236079e-01
-3.849062521807780080e-01
1.035467717064456616e+00
-8.654892156966301764e-01
1.781981815975547390e-02
1.106134132365091949e+00
4.955519604060338867e-01
1.024775109677420470e+00
-1.161833542811488096e+00
-9.836211838272482799e-01
-1.078000176977442326e+00
-1.018070842704845713e+00
9.245567635612381707e-01
8.646481294277448271e-01
-3.315560967076087717e-01
1.182034319686112722e+00
7.112903351899549920e-01
-6.394200268334756521e-01
1.372833943719498073e+00
-2.750072224855253100e-02
-1.153619462034675358e+00
7.095420537358475277e-02
-6.528492229318929585e-01
-4.130274782921319332e-01
-1.255481707812982517e+00
9.921850645332792595e-01
6.820430886431527728e-01
3.735389107196698255e-01
1.395060417646983852e+00
2.997198511037511837e-02
-2.505364908496835463e-01
6.461347408135404979e-01
1.320505174305228291e+00
-2.778881564679805960e-01
2.262277720578292073e-01
-1.442388588272852934e-01
9.137406470454574325e-01
6.833079523674592259e-01
-1.166905565078094398e+00
9.212221109484051151e-01
1.037033282322487038e+00
1.982955981270958512e-01
-4.591112108360081989e-02
7.082019705270266030e-01
1.566012631744445383e+00
-1.347799773454839145e-01
-1.314892416030760680e+00
1.420207105297601302e+00
1.259464169947259515e+00
-3.378047771855550163e-01
-1.087378907455948118e+00
-2.732991055330846741e-01
1.266711334966091895e+00
2.987116761105843565e-01
8.907678276439285892e-01
-1.051740426504191639e+00
-3.350020980861395659e-01
2.860420191958081837e-01
3.408585316527771303e-01
6.666152148075413786e-01
7.298240855951235728e-01
1.556244707023746621e+00
-5.952889613129488389e-01
8.719371188163187458e-01
6.005129347121920258e-01
1.344298327291014727e+00
9.123881118397523249e-01
6.529963245555471252e-01
1.390106178224009392e+00
-1.086384066822913663e+00
7.466011514837505025e-01
1.235004608514792324e+00
1.408447859651771605e-01
6.579559131502259461e-01
4.751310052751906987e-01
-1.058090346642440949e+00
2.613795223472892282e-01
9.672955779236821483e-01
1.340770388483265130e+00
5.292162537850255699e-01
1.560251325749648865e+00
4.495182380970007552e-01
-1.037211831653908289e+00
-4.998480344023910060e-01
-7.568548519981177503e-01
4.611765625749696396e-01
4.284278787804075561e-01
-1.312107532471361804e+00
-1.330998017927702115e+00
1.100822337318097643e+00
-3.671032666477320738e-01
-8.176435889191455697e-01
1.100106621441763632e+00
-4.416362490077335723e-01
-2.717976040370625457e-01
4.021714972495055163e-01
8.683561101170460539e-01
3.325769430120527614e-01
-1.229940392819649286e+00
7.799417597259143964e-01
1.254689625961298738e+00
5.614645650961567203e-01
-6.728037883997441959e-01
1.021501831193894150e+00
-1.240450281654600806e+00
-9.290917155931378568e-01
1.123627458871217788e-01
-4.399381927824344563e-02
1.169168480475322403e+00
-1.059783608030870239e+00
-1.613661908682566815e-01
-5.712049118563365946e-01
-9.786400786226714388e-01
-1.097848651760464644e+00
5.173106715878277306e-01
1.704227210014993776e+00
-6.085347207572526784e-01
-9.041000663370415968e-02
8.815364561473095772e-01
1.370146171311930727e+00
-2.476824229321504811e-01
-6.536545074287917201e-01
2.764009254611750066e-01
1.052504577078055559e-01
7.581988178998377848e-02
-5.359095642581558350e-01
-1.149569698698966302e+00
-9.475875319619184722e-01
1.306055025218638921e+00
1.106073127872184925e+00
1.211535577863973867e-01
1.173373555982338390e+00
-1.015784748950996574e+00
1.500848258261823887e+00
-4.156364613323676460e-01
1.419115773927680291e+00
-6.967942219193958842e-01
-5.344689686275507778e-01
6.171077288893667134e-01
3.839500026028553892e-01
4.930531440067790205e-01
7.141892063857052664e-01
1.447441077962100087e+00
1.210599204340244928e+00
-1.218884661046004902e+00
-6.146642096419426826e-01
1.817577816734474438e-01
5.907858586496973763e-02
3.115037774244985291e-01
-4.508711153533871974e-01
1.000363267662117472e+00
4.372743027888997824e-01
-1.072475127496756997e+00
1.148983209236697167e+00
-1.184823366798727573e+00
9.732877106749988627e-01
-1.106490357646798539e-02
1.350147193974231774e+00
-8.893008756168411244e-01
-5.125134933149362582e-02
1.511922977151184178e+00
4.065107445980814527e-01
-7.945916613491212921e-01
3.592461952652176160e-01
-3.492544128050539820e-01
-5.185500476707834983e-01
-1.482684831852078833e-01
2.891165896812487590e-01
1.284231756534116142e+00
-1.056654906666838478e+00
-6.396680235042436768e-01
-8.209086667853545682e-01
-4.051397483180563253e-01
-1.565881932541709765e-01
-4.010802561920627785e-01
-2.664317173834015451e-01
-5.105293582377280759e-02
-1.327798379927283001e+00
1.871682515737940478e-01
-1.143607429685971288e+00
-1.278741388803899870e+00
1.340780693662627199e+00
-1.290653087042618719e+00
1.101083971103295367e+00
1.650204555720125033e+00
1.318268827103114882e+00
3.119551799389890245e-01
-4.093668633401282841e-01
-1.100545509254879262e+00
-3.761911125245441523e-02
-2.242521531314273786e-01
-1.344285342560223584e-01
-1.205952267400566269e+00
-1.082233686699563435e+00
9.711634637743504772e-01
-2.871120937216281588e-01
-6.501702462364673807e-02
-5.154202759298909253e-01
-2.486170903404606169e-01
7.355532271656750609e-01
2.211652064162244191e-01
-5.269493555970893306e-01
-4.833530925297231384e-01
-2.896045454371365402e-01
-6.381107773028362740e-01
4.748333674151754558e-01
1.279209844920505268e-01
-3.236193158100162393e-01
-7.814121019567573656e-01
2.760185423506265057e-01
1.200640735586186780e+00
-2.687757939314432409e-01
-7.113053605241398403e-01
-2.581069325400905390e-01
-6.312000430949086249e-01
1.180348074589912644e+00
-3.956771110006959136e-01
-1.057388753395081427e+00
9.041527799409468935e-01
5.629383896979338608e-01
-1.265539881422822255e+00
1.118375249032960150e-01
1.346539895247463869e+00
1.641415099492108620e+00
-3.511450514332825623e-01
-1.454029935691644460e-01
5.225988566803138058e-01
-5.059684483048229597e-02
6.288826112765160126e-01
-1.354847080630756206e+00
3.421044031018630749e-01
6.917283010659527331e-01
2.248143521947417178e-01
-9.773931036898246827e-01
-3.504415257672333084e-01
5.535163723674455527e-01
2.146190440915154984e-01
-6.071928289076404806e-01
-4.167071257775447624e-01
3.581814727460360670e-01
1.237493383923983670e+00
-8.863515362397557107e-01
3.259077973416368845e-01
-1.290168533705806198e+00
3.336186574886642608e-01
4.502904103066629471e-01
-4.048084651969047210e-01
-6.797511819245503073e-01
-7.251073647941274070e-01
-9.335052669946117820e-01
7.957821509628169032e-01
5.282100390980561944e-01
5.304141858875476290e-01
-3.905990862502517480e-01
-2.347070991441235488e-01
8.518853867298622484e-01
1.468612689944881700e+00
1.095884509281286334e+00
4.415808588127385637e-01
3.251516925954806708e-02
1.414571065757372070e-01
3.380450446545357757e-01
4.091854179419804893e-01
1.243308854636517635e+00
7.292207600136928480e-01
-7.762746383830599894e-01
7.684168038645267096e-01
-1.207545833844690497e+00
4.113723683443083479e-01
-2.004596466932179188e-01
-1.077008231399331883e+00
-9.930641751675125528e-01
2.768549668187253454e-01
-1.038147752416662017e+00
1.659718841519941257e-01
9.159528449165378339e-01
4.889920733768663430e-01
-6.756086880138479911e-01
1.059727586330743820e+00
-1.232925449626073089e+00
-3.059694518807957175e-01
1.320750750248689709e+00
-5.445687350377443892e-01
-3.992519891863477444e-01
-2.934159499020115858e-01
1.175293159948773924e+00
1.373444131028465076e+00
-1.043248860859304461e+00
7.051916545103869005e-01
8.604149884818973471e-01
-5.099626381332009739e-01
5.921104370156853036e-02
-3.524468878863179500e-01
-1.024114997848009523e+00
1.083111551817458329e+00
3.145141726314832908e-01
9.875544963500164641e-01
-5.970111490503346996e-01
1.044189423917937232e+00
6.801261993169729347e-01
1.035835246380450991e+00
5.024997932668305856e-01
7.819074862681164584e-01
5.541249258059350868e-01
3.277504867286582524e-01
-7.735601467254265007e-01
8.389646886236908907e-01
6.176211746644711953e-01
4.019201925430877509e-01
9.650427502651199863e-01
8.889169362012357967e-01
8.561351705412335589e-01
-6.160495052179788544e-01
6.879821352544644997e-01
3.290947474920726812e-01
2.516309388876663000e-01
1.107856652452360757e+00
-1.015401137306952473e+00
7.489004293182950356e-01
-8.543003244175393363e-01
-5.593840994589167614e-01
-5.504473309760630206e-01
6.135105974457554234e-01
4.672063464488983575e-01
5.009175001404968519e-01
6.309969416210580162e-01
-5.222740332531461416e-01
1.480947682993001946e+00
-6.963306854183407557e-01
-1.437135233715641114e+00
-1.084452538626299534e+00
1.110464225868637023e+00
1.160818369809751616e+00
-1.219700448295557349e+00
-9.338459729817590871e-01
5.651719772971410816e-01
2.043647675343793491e-01
4.716936695121053402e-01
7.398158377512642492e-01
-6.881835661045231367e-01
7.822776474788502021e-01
-2.168296151697260143e-01
-1.131623092113521301e+00
-9.763373163916684305e-01
1.311372243463530429e+00
2.752795794942568264e-02
1.592939091348920533e+00
3.352993847363283653e-01
1.344290325171730194e+00
9.836751734574297190e-01
-2.478573660390641364e-02
-3.143547668489786728e-01
6.430039758126991911e-01
1.186379335576587257e+00
-8.296053622249408566e-01
1.367767077373919227e+00
8.246919402561574408e-01
-1.492635451352305742e-01
1.129627439829177682e+00
7.470779334009813866e-01
-1.835822967606408340e-01
8.369062231128512330e-01
9.826520906023543667e-01
-2.196376312459087099e-01
-1.198215856330464790e+00
7.518949734125703888e-01
-5.929815554336450578e-01
-4.254822479230098153e-01
3.947990062536838041e-01
1.208833347276515591e+00
1.624134746793464368e+00
-3.918172332456331119e-01
-1.002344580122960016e+00
-9.981089468327469794e-01
3.416682509602826379e-01
3.468194984914613199e-01
-8.917659618722031389e-01
-6.845070774640248379e-01
-1.003557860108834410e+00
-1.135627163142264973e+00
9.477199028900928912e-01
-1.094745977068385251e-01
-1.251090576803280285e+00
6.938810716916211652e-01
-3.993177730431130001e-01
4.754206744966600340e-01
1.374212087701008222e+00
1.358972491893847723e+00
-1.582092520920686807e-01
-3.515740692981866866e-01
-9.960692630141312343e-01
-8.453050186575146174e-01
3.037661559317798021e-01
-5.166008090202761638e-01
8.000335456870039108e-01
9.317000962344998971e-01
2.795404192478397887e-01
1.409864934309050521e-01
-3.818588911752839321e-01
-5.640724204025172606e-01
-2.997450896783669938e-01
6.587297347688354510e-01
1.015936664997834749e+00
1.227776762029465230e-01
-5.444336330310545202e-01
3.584624504107997156e-01
-1.232168274289474841e+00
-9.111036746220091409e-01
1.515613054373079693e+00
-1.168467050669250495e+00
4.821336176492707626e-01
-5.588153271306546266e-01
1.199718253115154676e+00
-1.598880810304168787e-01
1.579128280247939831e+00
-4.963719629331372341e-01
-1.176016100478251891e+00
5.396571950761728242e-01
5.502489685359381877e-01
-2.301906418425643530e-01
-2.076012085848344124e-01
-1.111915194762516990e+00
2.384460583699675451e-01
7.503950595106058108e-01
1.142960678271102148e+00
-8.454894025507150301e-01
1.288498879584194068e+00
-1.679037722852384784e-02
-7.799034791804471123e-01
1.170605896042444138e+00
-6.291271604764997472e-01
-1.187588726584862586e+00
6.714981137968017988e-01
9.109287751409864686e-01
-8.428254474225259640e-01
-7.949120760819244902e-01
3.917564215913008629e-01
-3.266009244146630408e-01
6.120415879704620421e-01
4.760145344101229803e-01
3.972500359953335947e-01
-1.028835729436168300e+00
4.191583189084394645e-01
3.758629021370542000e-01
-6.694375897641924311e-01
2.161375806493550655e-01
-6.576838303427061660e-01
6.195164347572830188e-01
-2.816155378257334529e-01
-1.249065404475859564e+00
-3.279405277631944893e-01
-2.336337776283860246e-01
6.106902889370487975e-01
-8.373202972815154688e-01
1.286519880879014810e+00
6.686547331698693419e-01
-8.966097954693240668e-01
2.370394611098688153e-01
4.929004179651228501e-01
-6.746531278997627279e-01
1.963223070889593136e-01
2.888629538501182870e-01
-5.604307058021795740e-01
1.319804378983455262e+00
2.227016945122851921e-01
1.522435715163746206e+00
1.303155367123057795e+00
-9.173564483784629742e-02
7.600258255019508580e-01
-3.287539120129729930e-01
7.962893704076192680e-01
6.854916681338621975e-01
-5.988423281300421508e-02
7.949887645137014847e-01
-3.781255919681633104e-01
-5.713828659269677424e-01
-5.460636184736213927e-01
5.152652127342394195e-01
5.161900929512844849e-01
-6.758814006001441221e-01
-2.841029464695784545e-01
1.237631634197146058e+00
-1.135547782675425221e+00
7.469674942113939675e-01
4.670054788054980310e-01
9.929575096487479602e-01
1.153571682711653112e+00
9.950917111821964145e-01
1.533286058583117395e+00
1.822685355373506733e-01
1.261442978881751831e+00
-1.394940119030130821e-01
-1.508344668142200251e-01
-6.830597806813664130e-01
-5.501933846456197319e-01
-7.980506312064997165e-03
-9.495378480300777913e-01
2.259860491424041939e-01
-8.470613030314881886e-01
1.222635680526498847e+00
-5.174569419881261956e-01
-7.433539933686049705e-01
1.157574771735877306e+00
-1.547576736156461574e-01
-4.808208078956268672e-01
1.554425965018897182e+00
-1.280569067659088178e+00
5.335529282977989896e-01
8.335697089688431927e-01
2.943547776563125717e-01
2.843602375465533738e-01
5.617039568100661295e-01
-6.610183504515676489e-01
7.419933446286636203e-01
-4.730118513135112002e-01
2.159759490301576268e-01
-1.249141995129398275e+00
1.100189644055885596e+00
7.770630764555630510e-02
-3.491758535917467432e-01
4.462256891997820052e-01
1.387026690401095719e+00
-2.123455455095446254e-01
1.492118431457722716e+00
3.287439659764141986e-01
1.480667284140662732e+00
4.455922909464982151e-01
4.886866383211586617e-01
4.485664018525793439e-01
2.063229974985371362e-02
-3.586315967458121312e-01
1.113101254775924476e+00
1.098498670386434395e-02
-1.321252535775419568e-01
6.666066557649975577e-01
1.085459298127228189e+00
-2.303898081041283741e-01
1.252963388872553763e+00
7.816832604911654325e-01
6.337580036880561263e-01
-2.978702998980917727e-01
1.290277922735680649e+00
-6.299211075141665228e-01
9.769437556459426020e-04
6.580192531784931909e-01
-1.204838910869405533e+00
-1.345934247735545708e-01
9.547127565588533482e-01
1.112973832752407188e-01
8.984195504482787031e-01
-4.094675237515299493e-01
8.414056109615455359e-01
6.069391032883703074e-02
4.065153705807464934e-01
1.109526171087657387e+00
1.457311832480192859e-01
-8.191338171974809068e-01
-1.005182291005777051e+00
5.699088981843214441e-01
-4.278520526891786691e-02
5.868888333058135398e-01
-4.438028837246876801e-01
-7.408709638713181223e-01
-9.742970744582511999e-01
4.735284389920891845e-01
5.168611596762934246e-01
1.070240362763880348e+00
3.217303735027966516e-01
-7.995005312981600110e-01
6.677262555355734097e-01
4.764155974650640113e-01
1.385341749713434156e+00
-1.018043742564599174e+00
3.926402485546347521e-01
4.779332742909232490e-01
-2.240779164267957813e-01
-3.478005573705641451e-01
1.117596000695197711e+00
5.038631348372802909e-01
3.463098663926272858e-01
7.519340024702834135e-01
-1.262519973404446993e+00
1.311478475780658792e+00
-9.983232592339571498e-01
-1.402165115656610894e-01
-4.667034202329365389e-01
1.189959672243692257e+00
-2.898162390685181666e-01
-3.638560121515254098e-01
-1.498868440856390982e-01
-3.845189407846849594e-02
7.249842164856171722e-01
-9.752873997667188544e-01
1.070046961696881960e+00
7.777278124078443877e-01
-9.213636158654467945e-01
-1.478219928743965406e-01
1.685804880765631730e-01
-2.958840344461975691e-02
-1.346044218204867915e-01
-1.126010979570491788e+00
-9.280125054421815012e-01
-4.705407441051384643e-01
-5.904364862163407057e-01
-2.265617939298539829e-01
1.173346729062711979e+00
-9.712610674107667874e-01
1.487525467519077216e+00
-5.545964256030981865e-01
-7.042868332483108729e-01
2.342628203138454046e-01
3.773685370354817881e-01
-1.365613865424755713e-01
-9.551075727413645966e-01
1.225478246366644985e-01
1.526211129957828705e+00
-2.822554605395081184e-01
-1.769164896975079226e-01
1.904156024121243795e-01
-4.767146904297167032e-01
8.660583041355399692e-01
-3.890927976123508270e-01
-1.171512238215407287e+00
-1.803108863166018594e-01
8.894166149419595602e-01
-6.618833043663407967e-01
6.307082212062061766e-01
-3.784730678898785561e-01
-7.758146957683890177e-01
-9.266792323546499954e-01
-3.709619315377024051e-01
-3.286202745826545257e-01
-8.671758567918768090e-01
-6.146799156745096360e-01
-5.279278976357434372e-01
4.002059656417242817e-01
-6.924992841423048828e-01
1.309415889294594182e+00
-2.746447256666621761e-02
1.272543179804517699e+00
3.991085520269920250e-01
-4.729437632881958731e-01
1.610936276452979099e+00
-1.276508847623532561e-01
-4.099634043859289312e-01
-6.498357761040116642e-01
4.145525611685630524e-02
1.230030042865364992e+00
1.037753530046656714e+00
-9.401923708892126474e-02
1.296999207064641446e+00
-4.781781464847084662e-01
-2.615118675813400406e-01
3.762187424707786471e-02
1.182726736458859840e+00
6.551707289280700452e-01
2.278081676748225093e-01
-1.007190063587833251e+00
1.104673333789637280e+00
-1.634594138293522236e-01
9.858581739199971938e-01
1.087966963204188620e+00
-1.249775673625041633e-01
1.470772286317812982e+00
5.964422045968585662e-02
-2.937777772818536137e-01
4.052594188274456499e-01
-3.269462561601189643e-01
-1.223943395098003872e+00
3.531757702330075022e-01
1.328119303128978690e-01
-1.140325685796526711e+00
-1.165608342296607258e+00
-8.190151042688667005e-01
-2.565938717581646156e-01
-1.043344848487350873e+00
7.824016638082501585e-01
-3.377372377869736209e-01
2.437895602335146961e-01
1.493651185491695177e+00
1.778724099042679196e-02
-3.142705976749942121e-01
-1.020456430542708987e-01
-9.338252945419246442e-01
-5.129189775552124297e-01
-1.360151137109247621e+00
-7.619791760353207266e-01
1.366901212655399211e+00
1.129008845494230417e+00
-6.688353465669237830e-01
5.299530405728899995e-02
-2.814611168452840761e-01
-3.205253504805020970e-02
1.071897674281612645e+00
1.251292534842792348e+00
-3.849841566900469303e-01
-9.121589966560932350e-01
4.921331521604389581e-01
-1.219181729369650968e+00
-1.760144124409535327e-01
-8.143296546606958453e-01
-2.080775232357616744e-01
1.111177449693776298e+00
-1.253659382141524059e+00
-9.506476712945899354e-02
-1.154314975410783761e+00
-2.947537195772488294e-01
1.643937228488502544e+00
-1.901022562622763784e-02
-2.645168797099821667e-01
8.443108391398583823e-01
1.012210239482971064e+00
1.309824075970135171e+00
1.617901267123190712e+00
-8.008065352486831712e-01
-1.621221515980947880e-01
3.897540077275569725e-01
-8.710311193835174048e-01
1.108809593394705972e+00
-1.161051648626361121e-01
-1.233905662447263074e+00
9.930649333479790730e-01
-2.360602684202949553e-01
-6.255448861507543201e-01
8.987682926902701430e-01
-6.002732726779910211e-01
-4.670059316370916980e-01
5.194278793738158484e-01
-1.316196927262732741e+00
7.267950234547857491e-01
1.082991601864358167e+00
8.806456731820926365e-01
-3.340076478538936966e-01
6.381904973875284215e-01
-1.260560656662212065e+00
7.285916258569954396e-01
7.318896132743808458e-01
9.363008913125393518e-01
-1.513631547261811428e-01
-1.036852062521704365e+00
3.676888078111245628e-01
4.613309999848098641e-01
-3.495437288921833252e-01
6.704536966460339364e-01
-3.125811087730255844e-01
-1.286684100870708614e-01
-4.197941466194545779e-01
-2.532021267984368995e-01
4.093737760889728516e-01
-1.991490867724185487e-02
1.624367462511796534e+00
-1.949741817178712033e-01
3.150820202651714030e-01
1.298130052968720305e+00
-1.090847821518799110e+00
8.061121789394549708e-01
1.008754242562002190e+00
3.139303250238251186e-01
-5.150220433572978429e-01
2.936065787288741902e-01
7.585052810084735864e-01
-3.246622940059413764e-01
1.397069511777617512e+00
-3.943055482157413749e-01
5.147454457859560462e-01
-1.523315641965694300e-01
-2.362385005749371436e-01
7.342749620609404504e-01
1.533631599798870981e+00
1.074870455737310548e+00
1.261222974511568173e+00
6.210489047818251729e-01
-4.333652689412047510e-01
-4.801132015806558462e-01
-8.682417747339096215e-01
-1.198475152512832320e+00
-1.104287262685476056e+00
-2.251633440401481223e-01
1.418552994197897377e+00
1.228526416444324643e-01
1.550867216104217627e+00
1.476834026235827046e+00
6.836947370533903445e-01
-9.439059895716417348e-01
6.477468968559159102e-01
7.818679924971806416e-01
1.416390396440813548e+00
8.699170356260355064e-01
-3.224688608769291642e-01
-3.019515545075680540e-01
6.752048111550363885e-01
4.151979264095301270e-01
-1.381565001915323609e+00
4.862335301589767456e-01
1.488824127893688898e+00
5.599420957707377244e-01
8.174999249202576923e-01
1.252781706313248700e+00
5.029496152080573657e-01
9.525887408633435527e-01
1.352203928135317978e+00
5.309950050125600285e-01
-4.269851980616690135e-01
8.141226422620779779e-01
1.021777011049925132e+00
-1.028306625435313038e+00
4.339570613561789525e-01
5.231082521413259467e-01
6.332037361955590304e-01
-2.784486971185179405e-01
-1.259154593948761947e-01
2.549292241342570042e-01
-1.172436333629105709e+00
-9.591456332028619469e-01
5.651845181254546713e-01
6.893963439221383327e-01
-2.831992518914649981e-01
3.892411987047081912e-01
1.244391870908968301e+00
-1.004891515474860553e+00
5.147346302322425293e-01
-1.043351045254091281e+00
5.446731174415281318e-01
-9.211976157116734398e-02
1.207202441407764448e+00
7.277246148343862187e-01
1.379342973564431585e+00
3.206009723206292295e-01
-2.939901301754509477e-01
6.990469126260606680e-01
-1.266355842207151028e+00
7.821586988304714272e-03
7.473134915830110803e-01
-1.121260304778443961e+00
-1.094663153744086737e+00
-9.031227042937188809e-01
5.771684817266949930e-01
9.623423139546625205e-01
1.271718632173264973e+00
3.355967552657942443e-01
-2.231475380117337315e-01
-5.138204921985303208e-01
-5.667178524616816038e-01
1.491476705616149312e+00
4.889265117713987863e-01
1.387162066304645114e+00
3.500833297144818612e-01
4.048440568356886926e-01
-1.297501167314472514e+00
2.803409917717785138e-01
-8.846712190621164318e-01
4.487404341542089448e-01
4.993354871535724548e-01
-2.028034455514133583e-01
-2.729068851121556616e-01
-5.102341030082012674e-01
-6.863193924465590401e-01
-2.860025189802904988e-01
1.184842992611834678e+00
-3.290147514074939217e-01
-4.267958868547309936e-02
1.109931866491170371e+00
1.090783680814946921e+00
3.476661274432550908e-01
1.383839808666294413e+00
-6.142884570491093932e-01
8.780463386209298449e-01
-1.243137144072266720e+00
-9.453711336106340735e-01
1.344835590943062598e-01
-9.683002014022724924e-02
1.154253427014301892e+00
-8.901570416535014019e-01
-5.766700183273887337e-01
1.117902112328603148e-02
4.309664484804848206e-01
-3.211389258572672212e-01
6.354180946291450027e-01
5.096054083360070930e-01
6.471126377672096197e-01
1.167473603751125966e+00
1.182142987247839949e+00
1.170141017116072879e+00
1.209088568892875415e+00
1.186876987898986213e+00
1.186164369043788414e+00
1.186117822549362932e+00
1.171482257531483384e+00
1.186478853472984207e+00
1.191345597847509374e+00
1.180005379715222125e+00
1.157600315301209104e+00
1.176545234982785404e+00
1.169658986231065567e+00
1.182266979789667216e+00
1.184596287676709991e+00
1.171373500089916808e+00
1.189074812304238948e+00
1.175272939268799499e+00
1.182823504699155981e+00
1.182290033628238701e+00
1.177783724822035971e+00
1.195130181780674983e+00
1.143351087418926770e+00
1.163547756104605702e+00
1.170277964160274520e+00
1.154662052966310304e+00
1.161384171913752761e+00
1.158465736420660974e+00
1.196437829414484844e+00
1.170689622972872046e+00
1.204640280029755317e+00
1.167290466772037183e+00
1.177786335008286445e+00
1.135188581318345546e+00
1.098226808184043168e+00
1.134202605055235402e+00
1.178750288217441433e+00
1.178459826605150695e+00
1.165796951322665587e+00
1.156289158077167034e+00
1.183714243132306443e+00
1.185092572795801269e+00
1.161153093303877171e+00
1.180302515483939718e+00
1.180993398805590511e+00
1.173833571299899292e+00
1.164686780681378098e+00
1.183991896755959283e+00
1.170206907063425339e+00
1.180238295554020933e+00
1.167520440212235000e+00
1.151576223488230966e+00
1.178106906667925058e+00
1.191889838998126949e+00
1.190604459178145502e+00
1.162682316555614825e+00
1.166121536519112878e+00
1.119730029519045544e+00
1.183917798409373612e+00
1.168376305051091135e+00
1.183538682206405568e+00
1.172446709633847117e+00
1.170502414900533639e+00
1.183982127761563197e+00
1.174146376795422775e+00
1.176356235094075720e+00
1.148431619719493701e+00
1.191998028386585640e+00
1.176523682653583647e+00
1.184798223976828657e+00
1.188666608280280146e+00
1.177229108070435570e+00
1.178729702329186724e+00
1.176572160607469941e+00
1.164332050235223015e+00
1.146783517279537090e+00
1.147850142372828897e+00
1.164793828588078117e+00
1.182184675028651544e+00
1.184337832183559813e+00
1.174462980582081206e+00
1.182431545731207789e+00
1.168686721397119266e+00
1.187941432416768306e+00
1.179638176155198392e+00
1.179475916708037753e+00
1.189494477884108559e+00
1.186332098031565474e+00
1.183373440871992921e+00
1.149296343320696634e+00
1.158792957324281447e+00
1.197842243697818887e+00
-7.182167262855752021e-01
-2.678532464108509537e-01
7.536008823300441861e-01
-1.030192101518974779e+00
-2.484837585763760570e-01
3.641792591810246726e-01
3.172320640456330887e-01
3.364494325084270709e-01
-5.820443838586456531e-01
-5.560432106002054509e-01
-4.933812139881782466e-01
-5.431490613061774608e-01
-8.488735873278316912e-01
1.103854862270002568e-01
-1.113586956470792533e+00
4.994051284689129400e-01
6.528909345018183430e-01
5.853935581996776438e-01
-2.002732726317467127e-01
1.335543949588769541e+00
1.999731208889609924e-01
8.436946857002143585e-02
-1.848493262959754746e-01
3.389128312554346573e-02
8.472742916870619201e-01
2.360183023262235613e-02
1.460965620267348442e+00
-9.850540669491936185e-01
-7.272525704124553902e-01
-1.774926176626371588e-01
4.738879164256402099e-01
-4.703062636240186167e-01
-3.211481347157876254e-01
1.186923218657186974e+00
-5.380083996579375638e-01
-5.551572378612139591e-01
-3.672438413454649497e-01
5.435573438495026055e-01
-8.872489796622747837e-01
-1.068448517101195705e+00
1.160231429002271664e-01
5.838855162546182642e-01
-3.015730698049323699e-01
2.726495547563670963e-01
1.466595299429546584e+00
-2.557936507423763106e-01
2.335609620086976645e-01
-7.415559754544206461e-01
-4.287597721935906270e-01
-1.888930314870291560e-01
3.433316033367811437e-01
5.583278397036517404e-01
-1.091975356704046884e-01
2.374941962913834914e-01
-9.202727664562697640e-01
-1.003677997253623833e+00
4.800778644231239456e-01
-2.665688885010540909e-01
1.443325161262187795e+00
1.230090559778610926e+00
-1.383863665652786401e-01
-4.947181506021841590e-02
7.995591162611175307e-01
-3.119834419427593986e-01
-4.355445016252729173e-01
1.232864187300895642e+00
2.359531093095406096e-01
-4.763013472691122185e-01
-2.031445213780567749e-01
1.498361555314884797e+00
6.740825205473652826e-01
-7.145578165156514228e-01
4.415070480187410773e-01
8.894849078382713325e-02
-1.065894502423462953e+00
-1.208645064559607851e+00
1.089716655154998604e+00
7.567794326020034212e-01
-3.074040338047233645e-01
9.772633809166537677e-01
4.476997007065290912e-01
-3.668620878498933813e-01
-3.258568383744265828e-01
-2.517002753088897204e-01
-4.768435484690125570e-01
-4.447494309896643516e-01
-2.802863007514900806e-01
5.110801965038738737e-02
1.307660710015095873e+00
1.395948474043090082e+00
-4.640303197241087974e-01
-3.562294833026641294e-01
1.230154301761491542e+00
1.405516468705946931e+00
3.057858270076621032e-01
-6.277059288305774087e-01
1.412395829278598747e+00
6.114456433422630344e-01
-1.726538083733648865e-02
1.321028742308009818e+00
-2.695917237406906253e-01
-6.562472931295951772e-01
-1.207298124338638257e-01
-4.323198619746925209e-01
-3.409535448433653748e-01
-9.282116013536340082e-01
-1.191703556595150149e+00
-4.373874451912823647e-01
1.276589387009746668e+00
1.029418689119820041e+00
-9.164079233008702863e-01
-8.905806579458509509e-01
-7.449641061215728222e-01
-7.908683622988404993e-01
1.040917866348217008e-02
3.861503318617877101e-01
-1.065440248973587911e+00
1.281003412943706010e+00
-1.476104948072913536e-01
3.839521127577446569e-01
1.455216658331149882e-01
1.610651245739051829e+00
-8.742337786809367683e-01
-1.880743098190666429e-01
-3.050878982869981160e-01
4.406561175304615219e-01
-9.822159947805979563e-01
3.221163781571184659e-01
-3.623223478053885227e-01
-9.808121188896787856e-01
1.419833448221626826e+00
1.142125240611924664e+00
4.170353555059562733e-01
5.154846112557733839e-01
-7.473472412108136398e-01
7.823880245805467926e-01
9.325123695151773529e-01
-3.617836418019289013e-01
2.632248477214796933e-01
1.944349703517910255e-01
-5.626076097065833004e-01
6.618251232859808653e-01
-7.060247768409552149e-01
5.730690728582558124e-01
1.565267227149798324e-01
4.426338432257835853e-01
-3.327348316752766211e-01
7.622108022996458843e-01
-6.395985838833943005e-01
3.520285605448669752e-01
1.141085927240746312e+00
-2.655496190463828565e-01
4.076365488389588343e-01
4.343879830306686118e-01
-4.165203039048303024e-01
4.923912196239142725e-02
1.405452080959689543e+00
-1.288284775769568957e-01
2.556062795611651062e-01
3.956369534652318665e-01
2.532488452849320781e-01
1.589770347760393721e+00
7.059203714480851710e-01
1.335862508222364353e-01
-1.632087703443602933e-01
1.933999955980124363e-02
6.658974351187444407e-01
1.715971706611398306e-01
4.236974279147258660e-01
4.792736515632647354e-01
1.275100981057945670e+00
-6.777026021089205265e-02
-9.097315903170702933e-01
4.811179713730238117e-01
-1.972629109852951923e-01
-6.067481624146364716e-01
-1.145202273482934352e+00
7.986054045776869170e-01
2.344676512881440633e-01
1.453905416368131531e+00
5.642079295308247699e-01
1.497701827298006938e+00
5.421204859542867460e-01
1.451262676582984135e+00
-7.132368607687253892e-01
-5.680025993554738140e-01
-5.309176857280155648e-01
-7.392238553867396256e-01
-2.923624265881840101e-01
1.155544970434424779e-01
9.239145111736328797e-01
2.067135247659685204e-01
5.707137706044121961e-01
6.854456059350513275e-01
8.236049842029493639e-01
-4.698536195402384097e-01
1.431584687706600301e+00
-6.400830776220817198e-01
-9.886901939105623427e-01
3.917518689646126706e-01
-8.007264980985223657e-01
-8.025168923820352740e-01
1.164872626144347167e+00
-1.152779813549349996e-01
5.170403625072595988e-01
-1.057804295375865067e+00
2.949400298143214361e-01
-1.390808227150693410e+00
-1.030501015762697259e+00
6.056366109202778736e-01
4.471565234753283047e-01
1.229161890835984705e+00
1.159070610363281295e+00
-5.470377159548972523e-01
4.862918098107266163e-03
1.186337798252690368e+00
-1.043336410273982134e-01
9.986490483416958774e-01
-5.929095686170858803e-01
1.342820958847524393e+00
-1.166158006276780457e+00
1.140125277217962863e+00
-1.374698766850642739e-01
-4.187144148056664017e-01
-9.341792610539709774e-01
6.775912289240730857e-01
1.059914149044472342e+00
5.038390682599493964e-01
3.991469207936124697e-01
-7.749410953096779187e-01
4.752500480428012430e-01
9.776731574065620212e-01
5.529420475622812692e-01
-6.485931781363715176e-01
5.909425959926218885e-01
8.274620599055707570e-01
4.544132461208416629e-01
1.188487591697095391e+00
-4.129407785378764739e-01
6.587072313225761366e-01
1.090638032210159203e+00
-2.010431304558066290e-01
5.711017725907568954e-01
-3.018067336697664027e-01
6.380531121129537908e-01
1.329224383394141062e+00
-1.040971259363997037e+00
-1.956008672917849134e-01
-1.280747201368106714e+00
7.028849643695698202e-01
1.361712271951002418e+00
-1.059287001513823795e-01
-9.358548780055179206e-01
3.512875991463831893e-01
-6.275172363573292555e-01
-2.898894940320533298e-01
9.353816165101945801e-01
-6.301449122030208239e-01
-4.200917658550550327e-01
2.653347573728509490e-03
-3.165753986469014292e-01
3.289020158934280458e-01
2.271431036695251982e-01
-9.432987041726287325e-01
5.646575942755615030e-01
7.401424946779023850e-01
1.217829541219797918e+00
4.132072470924679219e-01
-7.399121624680565779e-01
1.235675845393811700e+00
1.167748993410420377e+00
-6.567008546017534254e-01
-1.098483784088519766e+00
2.311955183878340592e-01
1.514178939520417488e-01
-6.859375847219122413e-01
-8.933144908178564103e-01
-1.149916162853031887e+00
7.403673637347534253e-01
-1.194224819930088666e+00
5.048375909391276117e-01
1.493748784627425108e+00
-4.130545505296403519e-01
-1.315451807913372018e-01
1.337618499915677051e+00
1.333048751600720339e+00
8.754528583826600707e-01
4.774043980342911331e-01
-1.537905167561758046e-02
-1.041141122877991432e+00
1.314750362673617667e+00
-3.860237772666877398e-03
-8.881852990197627307e-01
1.128002306490173412e+00
-9.176234397295280898e-01
9.582352560895801563e-01
6.818790947120367818e-01
-9.871928215000382867e-01
1.296615105353675412e+00
-1.051122638247501406e+00
-2.853170662862021256e-01
-1.386767234806491000e+00
9.415612691150965219e-01
-3.572480019676201879e-01
4.178518704006985995e-01
7.859746668526703672e-01
2.014154372792255343e-01
1.534065325185026696e-01
-3.282053794914151501e-01
-4.757222976878841547e-02
9.218442849631597324e-01
-3.804270014944713951e-01
7.119722478376173669e-01
1.280281124132948589e+00
-1.326353805568664113e+00
-9.725913928549302367e-01
6.843852816868015720e-01
9.143852742528053579e-01
1.128607806582214490e+00
1.038106375095816603e+00
-3.279521390647620327e-02
-2.217844217857847799e-01
1.259130476576349356e+00
3.245032090200935526e-01
3.469122639357274940e-01
-5.671804391982840365e-02
1.171242529446927749e+00
-1.265768884518889137e-02
1.553551276291427863e+00
1.387805686668751814e+00
-9.525376443130129100e-02
-1.280861610776016235e+00
-7.993806984239817393e-01
-3.886782389930984460e-02
4.563656335051574642e-01
5.376205190707830095e-01
-5.820830619373863479e-01
2.135114767782976541e-01
-2.888493477344298288e-01
-8.570705988621704075e-01
-1.397706423016507937e+00
-5.650252006870601917e-01
-8.996115572094847135e-01
-3.884595628131857215e-01
8.416760254528927732e-01
-1.320602479548676600e+00
-7.853321989523596169e-01
-6.932461799093946331e-01
2.000201077662263349e-01
3.733700594314911525e-01
1.495585728136453185e-02
7.030754317317898794e-01
1.094563762296129061e+00
-1.094457726916544082e+00
-3.304396710014527727e-01
5.324211603783863822e-01
6.694111958316660838e-01
-4.048569357820055448e-01
2.946331869926643865e-01
-1.008092881482834047e+00
7.471277581932921352e-01
6.069102180936607471e-01
4.656938149783508285e-01
2.809441919873922888e-01
3.763712187714349788e-01
4.520339614761076374e-01
4.694542131112964256e-01
-2.676290991158363219e-01
5.671522883060928777e-01
-1.214158736611907097e+00
6.507581613204840298e-01
1.323535020858856770e+00
-8.836402719807618933e-01
-2.004752347358285114e-02
-3.172890999664033096e-01
1.923324589104155324e-01
1.353643652856809432e+00
3.951800420034047301e-01
-1.053807103696603464e+00
-6.300697158862663683e-01
4.364104091174969557e-02
6.544866446121864190e-01
-1.622940432899128704e-01
1.397843669030864877e+00
1.057450289176203873e+00
-7.502512897040046758e-01
2.035865566985991804e-01
-2.350367554667804060e-01
1.377396911558929071e+00
1.466717958737107752e+00
-4.801509991810878342e-01
-3.109764467812353717e-01
1.265730423098329727e+00
1.089141780701878837e+00
1.107291888553373793e+00
6.582153845547997761e-01
1.050148155674134776e+00
-3.446011856590908140e-01
-4.036481497489479153e-01
-1.264611785481561279e+00
9.496399473722667572e-01
1.196968713951618024e-01
1.496770986753781063e+00
4.513383671336632652e-01
-1.063256922268700722e+00
-6.600424029274427618e-01
1.420302424012529929e+00
-8.021600008219109679e-01
-5.145142605071768571e-01
3.039728075403125285e-01
-1.213364934083931201e+00
5.838512172425887048e-01
-1.131684533695433981e+00
9.542174426050300529e-01
1.318012037694422878e+00
-9.536462580603441985e-01
-1.165415318003877543e+00
3.754066640703279667e-01
-5.994736563152357478e-01
3.947865800589019092e-02
4.376690797479162454e-01
1.235908167159884830e+00
5.216467941313752688e-01
1.148949632273678079e+00
1.258326741957817907e+00
3.643261507423705137e-01
-7.945567522800612847e-01
-2.130888774694133792e-01
-1.243812934034152162e+00
-9.009004855361252284e-01
1.145118968785440616e+00
1.265752549571055763e+00
6.070608049061554379e-01
7.380490823646917997e-01
-1.076751364765583086e+00
4.723345820028691522e-01
-6.745285899006814301e-01
6.240258797705524607e-01
-8.759788235027288206e-01
-3.406573791592274469e-01
-4.540999878196174677e-01
-9.450325914960023832e-01
2.820357967320972215e-01
-1.024496392636603082e+00
-9.059423117638083500e-01
-6.352025323235404031e-01
1.265251969668734100e+00
-2.861846199224261644e-01
-7.773926331859218886e-01
1.350175501524634614e+00
1.340278070571166324e+00
1.223075640767360861e+00
1.509344222656958445e+00
1.083456656848506894e+00
1.482181793388070989e-02
-1.143399798123469369e+00
-2.275316271502747512e-01
4.268921429084212571e-01
6.978738001991663387e-01
1.138125557791549669e+00
-3.444495556446669493e-01
1.100654164257400369e+00
-4.280504118197322461e-01
8.004833352190150464e-01
-6.356901649192178705e-02
2.025227661453498917e-01
-7.948150043124579955e-01
-6.703087993396540378e-01
-1.379541726361079856e-01
-2.629774078599640963e-01
-5.533084030116074414e-01
8.885731804653023147e-01
8.921796440398743755e-01
1.146749826574579467e+00
-8.074698786134092143e-02
7.268794274298695512e-01
9.261709634981889483e-01
6.516069145012095554e-01
8.029323496238389701e-01
-5.877076129120608616e-01
1.224070459793703769e+00
-9.719513104794662572e-01
2.722692604451834031e-01
-1.135643186571400731e+00
7.605237075453709084e-01
-3.766399758135606790e-01
9.577697259609789793e-01
1.254858642251886369e+00
6.903445263991044856e-01
4.628215008567209132e-01
4.528680487484749717e-01
7.725752450687350947e-01
-1.694073567624916621e-02
5.309173298414953113e-01
3.663591962347904074e-01
-5.416015419434231370e-01
-4.471922495293828570e-01
1.040517886958449711e+00
-7.132378656547468943e-01
-1.396397431373037901e-02
9.086256669859246182e-01
-4.876351820143701721e-01
4.882016137540523548e-01
2.430808584502368308e-01
1.398285769791125510e+00
-5.693831796771618992e-01
-9.798431718976899907e-01
-2.465694803898142162e-01
1.141294494004492455e+00
-1.021006788851610558e+00
6.447326168342766284e-01
3.538764086893498861e-01
1.456590625682907980e+00
4.357565447252663704e-01
5.343281475345702525e-01
3.044116028495446047e-01
2.750359227358345482e-01
2.569543983053736991e-01
5.475744715890318304e-01
8.327039368067175040e-01
8.375961704033201283e-01
-2.921421213438005759e-01
1.327219214211830201e+00
7.598734082146227919e-01
-1.501616491018488431e-01
1.618718683017364768e+00
1.393289481433091836e+00
-4.699373097230711283e-01
6.708647230809836604e-01
-1.023486972028459174e+00
3.933025218898662523e-01
-8.954978456151364563e-01
-7.315864622779660875e-01
4.289627085065084167e-01
-2.944648228128661227e-01
-4.530393433079542564e-01
-2.351415014972400852e-02
6.760534292750088881e-01
-7.382896831717152830e-01
-4.230809309312760780e-01
1.405142607845633718e+00
-5.555126393874371127e-01
-3.871220295336430528e-01
1.129372810545837547e-01
-4.426226395351816334e-02
4.659514593500293511e-01
8.859054417306666540e-01
-1.094934493690789434e+00
3.078393086553995461e-01
-1.049422288365240874e+00
-4.369906089806151472e-01
1.533380035111560957e+00
5.938144972550596368e-01
-5.098105282485254630e-01
1.239304720688336525e+00
1.484850922393542716e-01
1.315872901138813722e+00
-1.758000216834942897e-01
1.063611741107370223e+00
-2.500162234520761917e-01
7.745931860553265103e-02
3.421305979162464483e-01
-9.803552013949443644e-01
4.570971858035043356e-01
1.449896942615994444e+00
-2.088297232385702973e-01
-2.621551490015513464e-01
-2.107210349154938489e-01
1.427701271747916278e+00
-2.686151087690217265e-01
-4.280501936695070286e-01
4.582513215013722663e-01
5.891187591249821276e-01
-3.936012405997626473e-01
-5.009407305587887382e-01
-1.115097332812649222e+00
-5.448209858544247330e-01
-3.199049951214751886e-01
8.766228573514802669e-01
8.157067729294271707e-01
1.184072330718075827e+00
-1.486385087000763605e-01
-9.692604063820448035e-01
6.064929239992493670e-01
-2.999325011405440389e-01
1.162878300765896489e+00
1.056349754142374531e+00
-1.791689591829656869e-01
-1.784836442516417876e-01
-5.005439686985614367e-01
2.733945098609721347e-01
-5.400242554142403728e-01
5.206430849090590840e-01
6.645090322388960136e-01
-5.887395488996479687e-01
3.517405718618846766e-01
-5.749276598385810733e-01
-1.313995226150839635e+00
1.180644467907216555e+00
-1.063804301750334469e+00
-4.362758806961347657e-01
6.173624972691645896e-01
1.466083849026045272e+00
-1.049252719477534512e+00
1.387650592633872693e+00
1.549133925401055822e-01
-1.255785925432491290e-01
1.035856256490340632e+00
6.237037782113354911e-01
5.949837378252527120e-01
-4.246282357564362675e-01
-8.265186877508582386e-01
1.781628647283256817e-01
7.952401450725697651e-02
-4.590371095340970431e-01
-9.324273922158915484e-01
-1.081295297223789920e+00
1.111854196251766291e+00
-1.454014097013264506e-01
-8.923136372087546730e-01
-5.659477054189725465e-01
-4.035673786227276238e-01
1.114342451211728813e+00
-4.974992354544121032e-01
9.845455370351539059e-01
1.428102760682845807e+00
2.740911479316061605e-01
-1.050682097735232023e+00
-6.208596816341303004e-01
1.236789725169372467e+00
1.471042596794934987e+00
9.294006345651852907e-01
-4.177197855757264211e-01
1.859312754955264324e-01
-7.118346872900900568e-02
1.247197522274826165e+00
1.247265887977206722e+00
1.061639008337670775e+00
5.984897131598374553e-01
-9.724890931277704320e-01
-8.297985611229111713e-01
3.072260370444905853e-01
7.300131777679317313e-01
-3.862552513776278396e-01
5.384128299408230678e-01
-1.095870127993056053e+00
4.978354067394969995e-01
-6.245209949901563140e-02
-2.699444849684113912e-01
1.505640538310164311e+00
-1.797776114473502718e-01
6.243575900963367342e-01
6.447449175841355462e-01
-3.486054960085495091e-01
-3.397899201284360071e-01
-1.277619350501499329e-01
-2.034842109572625179e-01
-3.942739410050595528e-02
-3.574289861820671987e-01
1.307328432806971641e+00
1.642468895289817876e+00
-1.195700113008414611e+00
-4.468261566417788266e-01
5.300515028425573094e-01
-9.152977083836818517e-01
1.312406105069504170e+00
4.573736934830523460e-01
1.272104628916361557e+00
1.407348460210120278e+00
-1.404830144129763703e+00
4.855094454143810134e-03
-1.033424907850046121e-01
-1.084521369829111404e+00
3.599073995467504394e-01
6.468671447332823288e-01
-3.457442114922496534e-01
9.748651468552291255e-02
-1.008982524359280708e+00
1.303385172533863212e+00
1.168719956728678566e+00
1.296916610767005595e+00
5.541468519082317634e-01
-9.626827144563826488e-01
-5.176293061558628894e-01
3.133595210981203749e-01
-3.495585163522477723e-01
1.265073162739687174e-01
5.277025963350112647e-01
1.603703822805305490e-01
8.378639999492547563e-01
5.900263821422069288e-01
7.441552738602201789e-01
4.475557470294212470e-01
6.882490425132103962e-01
-2.384004510861928161e-01
1.197240393638970279e-01
-4.851341021678817755e-01
-1.472074027704628196e-01
1.211769441165285066e+00
3.756196553245820802e-01
-8.706115631284829792e-01
6.048403291662112213e-01
-1.798425252702527677e-01
-5.901265227990268869e-01
1.005184702410124808e+00
1.342101541380425811e+00
4.503226824857710087e-01
-1.042644863875249683e+00
8.454531722114349002e-01
-4.868163554722420017e-01
-7.117921840589214177e-01
-7.328823302173846921e-01
-7.315236906299767972e-01
-9.851935203464430579e-02
-5.618824781430444837e-01
1.406751081330298581e+00
4.586596908499774861e-01
3.483632157198459645e-01
-1.314112362297490622e+00
3.706914872188754595e-01
-5.945584550624176678e-01
4.015032913416061167e-01
-3.291077927453653906e-01
5.642197076271382450e-01
1.286989103568650927e+00
1.017385911761277795e+00
7.359598196249996782e-01
5.930826961815118814e-01
-3.721086878751779237e-01
-1.189635221419888950e-01
2.033896797034348003e-01
-1.250811098818970013e+00
-7.773174972921891301e-01
-6.264848875235907721e-01
-3.154924905358884590e-01
-9.596962920010778664e-01
4.732412895228900185e-01
8.382803184088403192e-01
-1.660968159254338217e-01
-5.321108543614021524e-01
7.713085618053683312e-01
6.506008717610142211e-01
7.271936246769186152e-01
1.099095088311355939e+00
-2.315813276858555980e-01
1.614635905708924346e+00
-3.496420859464677289e-01
-5.078915631966274269e-01
1.154619555785319385e+00
-4.716722360129675939e-01
1.380937029592213428e+00
-4.646700623005783903e-01
-1.587320121693953645e-01
5.992653370113043554e-01
-5.091144845813689868e-01
6.981410044817112359e-01
1.067415793019083958e+00
7.790969703122213597e-02
-6.512207801703754351e-01
1.273047119340087852e+00
7.055193051403619853e-01
-2.392725169708237454e-01
7.632324385003331768e-01
9.019454499003346504e-01
-7.359568980326395282e-01
-6.901419165733932437e-02
3.223728329457007380e-01
-1.077251679635552906e+00
3.886722718649769925e-01
5.128946251480506757e-02
-7.525860397932684354e-01
1.056118432835062571e+00
1.241254101510689933e+00
9.375110268823436122e-02
-2.249353007325131104e-01
2.751917020307350636e-01
-2.902061109838619535e-01
-1.732286433946005066e-01
4.867532168823515137e-01
-2.988448222829474810e-03
5.993037848348676810e-01
-3.027023662400333270e-01
1.432175598078337719e+00
1.171296982685684496e+00
1.112084352397870957e+00
6.399899169052740699e-01
-3.994524519935337414e-01
1.187894856238312924e+00
-1.096857137530905302e+00
-1.312105731568395661e-01
-3.869476643009990280e-01
6.899270711443470372e-01
9.290143407389146457e-01
1.089499127559877323e+00
6.141057504387443799e-01
5.102679882588281868e-02
7.918462785659066139e-01
-4.201135504055782954e-01
-4.073805678611022163e-01
-1.095000353351486932e+00
2.658951487897956989e-01
-7.160334026020935827e-01
-1.224283973392464642e+00
-9.392570533439844604e-01
5.016691992437952718e-01
6.537035591765630316e-02
8.131166940722561742e-02
-5.714420207480732650e-01
3.550645539079246849e-01
1.848219280963315503e-01
3.913327770222221336e-01
8.398800663029403202e-01
5.011925775777678060e-01
5.568039657361765205e-01
-8.123838918639122442e-01
-2.082573452609426112e-01
4.434820584493173179e-01
1.272305944306512115e+00
-4.239842869656723634e-01
7.283533263298501703e-01
-2.200795687369242470e-01
-8.654765761963586490e-01
9.480921385239242383e-02
2.576347327926723496e-01
3.547588318815859676e-01
2.042924003267986011e-02
1.052096535833163093e+00
-3.274268544158013272e-01
-2.047607812896383439e-01
-2.346616942624442925e-01
7.903456281512999393e-01
1.472021272229671274e+00
1.061980419435892387e+00
3.867233416744100261e-01
-3.879075861557306215e-01
4.383879044015358550e-01
1.481218695439697086e+00
4.492065661617478112e-01
-6.019288031892416901e-01
-1.242828066194894499e+00
2.920475727969450430e-01
-4.085690667891176409e-01
9.302193149210824519e-02
1.090848029517913043e+00
-8.089864248459791574e-01
2.835630009813653318e-01
9.030733180976984187e-01
-4.397302521232197003e-01
5.642020150457244254e-01
-1.242704631103238144e+00
-9.421385760295286627e-01
7.238755947939846669e-01
9.623670610612622411e-01
-1.608201000497227751e-01
1.446977404022450564e+00
1.297602235377836477e+00
1.599878722207404902e+00
-1.685782308503076254e-01
-8.482795322973943897e-01
-5.862734344737857706e-01
1.040045022159798549e+00
1.213689344769361300e+00
-6.467107869375084972e-01
1.523573913286835113e+00
-3.754288758206579812e-01
4.273417830395966899e-01
1.272844944113351362e+00
-5.016084854283926475e-01
6.826630268406145285e-01
5.951088841502840676e-01
-8.453278620829335344e-01
1.221019649348467517e+00
7.569237381793834096e-01
5.213035921746029810e-01
-5.652345093077648652e-01
1.214023574038233688e+00
2.681944367271477114e-01
-7.482777475066920703e-01
-1.210865551212727542e+00
4.554370112506808121e-01
-7.340835757363989300e-01
-8.626096202626012399e-01
-5.421260273583670131e-01
3.532002387549511013e-01
1.194000367871119517e+00
-8.732593142431804845e-01
-4.435597142101815882e-01
-7.913596775439537545e-01
-7.158360560079697343e-01
-2.881150572805994958e-01
6.863062364154297601e-01
6.398587410360002670e-01
8.067153190321934009e-01
5.664387433805135874e-01
9.603374781001322580e-01
-4.174873110010272059e-01
-4.946616873471432196e-01
-3.042951939653331106e-01
2.592969451689424165e-01
-2.486513114628805809e-01
5.974686426211179846e-01
-1.624363589094418303e-01
-6.766910652018814920e-01
-1.239565590437003761e+00
-9.837288433298071455e-01
6.162489629131300273e-01
1.198912323004161173e+00
1.161958781173132893e+00
-7.928967990563877688e-01
5.373258010027304188e-01
-7.359995176461994193e-01
6.956089061652086514e-01
-3.375634626702548324e-01
-6.307263958018917149e-01
-1.735461451573706293e-01
-8.732123869154623241e-01
4.727869923846315103e-01
5.214746269888033137e-01
-1.184332959432381260e+00
-8.510396837920318758e-01
7.949019836001764983e-01
1.253337977597076269e-01
-1.460142970016934383e-01
1.431235106656085554e+00
-9.522918258896192478e-01
3.893337766484908924e-01
-1.031346247776983027e+00
1.313646446102902487e+00
1.258746456459944318e-01
1.274261051207831619e+00
-1.948924342671141396e-01
5.311168832083439373e-01
6.971975032855238785e-01
6.414589635146745739e-01
-6.665313896353165513e-01
-5.339372378907698558e-01
-2.237401363427876655e-01
1.170640281197525168e+00
-7.295901362540558877e-01
-1.119585798841854940e+00
-6.267174721982353702e-01
-4.253783833486480814e-01
-6.875232957354151520e-01
9.890393000971678394e-03
1.268494551472283627e+00
6.402436785212992643e-01
-1.120288507750923701e+00
4.951681192731827164e-01
-3.420848629894882587e-01
1.484440861529827460e+00
1.296204114736654534e+00
-2.931651889691109236e-01
1.061852211722024153e+00
-2.345577590677541679e-01
-7.160260741682542562e-01
5.425577590273056305e-01
-1.211706234315065522e+00
1.531326951267604208e+00
-3.877275678386271629e-01
5.891195451121593596e-01
-3.572609317627807313e-01
-4.972130061605958273e-01
4.821717481490461754e-01
9.306991684182069902e-02
5.250427808363233861e-01
-5.555245584732410036e-01
-1.558929394688006176e-01
2.002268907249341312e-01
1.247397144876870589e+00
8.950341125411709342e-01
-6.729215086409575663e-01
-5.805382802135226061e-01
1.529029454080466754e+00
-6.062023410784098676e-01
1.885085071419885516e-02
5.486854483425771534e-01
5.275206735228328281e-01
-2.261447788723676966e-01
-3.894499539211319084e-01
-7.166250255883334086e-01
5.084742872392402635e-01
-5.641058275424597201e-02
1.320699382060130489e+00
-1.636338015989854122e-01
-5.491153344427810445e-01
-7.126315269239913430e-01
-1.034111370211943992e+00
7.495453507445832830e-01
-8.835387520607226319e-01
4.657431037576029720e-01
1.629617126901914181e+00
-5.070424642455668707e-01
9.371022367030901190e-01
-8.399843703490540714e-02
1.403990032786730957e+00
1.418528163712919232e+00
-5.551241504942893146e-01
1.852584667467193358e-01
3.718628522502521738e-01
1.017878609326122064e+00
1.175262601075468094e+00
1.173228733043329308e+00
1.186086204059068061e+00
1.175345778421122978e+00
1.182378242769859034e+00
1.169414730951894077e+00
1.148475484955872483e+00
1.157803435577080764e+00
1.175550042766927650e+00
1.187474451724937596e+00
1.185481186253767083e+00
1.185627268594532824e+00
1.173420118422434433e+00
1.201738262540312574e+00
1.194146333039289187e+00
1.205849897042129415e+00
1.173542119254590510e+00
1.180230404374351449e+00
1.169374884020783378e+00
1.195928124621873367e+00
1.175134091748464948e+00
1.191091192956027056e+00
1.175888597776633793e+00
1.166350512574886089e+00
1.169327837676344295e+00
1.184720639159924094e+00
1.172553013222709550e+00
1.171415458537051313e+00
1.202896777643083892e+00
1.187203203139270746e+00
1.205187696781980344e+00
1.174139868019786537e+00
1.189590057928161748e+00
1.147438103438723767e+00
1.174350718572514607e+00
1.149376557195656678e+00
1.157051099020150131e+00
1.185163704239218463e+00
1.198246391442834069e+00
1.210439259852814642e+00
1.178850291363372937e+00
1.176667388585501461e+00
1.161816965865998252e+00
1.165533907203267550e+00
1.176518769678822629e+00
1.178066368612921133e+00
1.167772137519572206e+00
1.197319928921180887e+00
